0 0.387240 0.400926 0.004687 0.014815
0 0.403646 0.393056 0.006250 0.015741
0 0.402865 0.374537 0.003646 0.015741
0 0.408594 0.372222 0.004687 0.012963
0 0.411719 0.365278 0.004687 0.015741
0 0.418750 0.385185 0.005208 0.012963
0 0.419531 0.407870 0.005729 0.017593
0 0.430469 0.399074 0.005729 0.016667
0 0.435417 0.399074 0.006250 0.018519
0 0.431250 0.416667 0.004167 0.014815
0 0.424219 0.484259 0.004687 0.014815
0 0.452865 0.439815 0.004687 0.014815
0 0.461198 0.419907 0.006771 0.017593
0 0.463802 0.412500 0.003646 0.013889
0 0.470313 0.412500 0.004167 0.017593
0 0.476823 0.412963 0.003646 0.016667
0 0.482812 0.402315 0.004167 0.006481
0 0.487760 0.401852 0.003646 0.007407
0 0.489063 0.412500 0.004167 0.015741
0 0.483854 0.407870 0.005208 0.004630
0 0.482812 0.415278 0.005208 0.012037
0 0.482292 0.428241 0.004167 0.013889
0 0.479167 0.432407 0.006250 0.016667
0 0.486979 0.431481 0.005208 0.012963
0 0.478646 0.480093 0.004167 0.017593
0 0.485417 0.464352 0.004167 0.012037
0 0.486458 0.479167 0.004167 0.017593
0 0.492708 0.490278 0.005208 0.015741
0 0.498437 0.428704 0.005208 0.012963
0 0.504687 0.426852 0.005208 0.012963
0 0.490104 0.443981 0.004167 0.012037
0 0.493229 0.441204 0.005208 0.012037
0 0.491927 0.454630 0.004687 0.014815
0 0.511458 0.473148 0.004167 0.014815
0 0.504948 0.457407 0.004687 0.011111
0 0.497656 0.477315 0.004687 0.013889
0 0.514323 0.421759 0.003646 0.013889
0 0.509896 0.416667 0.004167 0.011111
0 0.508854 0.426852 0.005208 0.009259
0 0.507292 0.436111 0.006250 0.009259
0 0.501042 0.440278 0.005208 0.010185
0 0.502865 0.445833 0.003646 0.008333
0 0.507292 0.445833 0.004167 0.010185
0 0.540885 0.443519 0.004687 0.014815
0 0.561458 0.425463 0.004167 0.008333
0 0.561198 0.436574 0.004687 0.013889
0 0.536458 0.425000 0.004167 0.016667
0 0.533073 0.420370 0.003646 0.012963
0 0.527083 0.413426 0.003125 0.013889
0 0.530208 0.407870 0.004167 0.012037
0 0.537760 0.456019 0.003646 0.012037
0 0.533594 0.455556 0.004687 0.012963
0 0.527083 0.460185 0.005208 0.016667
0 0.513281 0.450463 0.004687 0.012037
0 0.517448 0.450926 0.003646 0.009259
0 0.516406 0.462963 0.004687 0.012963
0 0.504167 0.415278 0.004167 0.010185
0 0.550000 0.477315 0.004167 0.006481
0 0.653385 0.457870 0.004687 0.006481
